001001001000000000000000000000000000000000000000000
000001001000001100010000000100000000000000000000000
000011011110000000001000000110110000000000000000000
000001100010000000001000000110110000000000000000000
001101010000000000000000000000000000000000000000000
000001001000001100010000000100000100000000000000000
000011100010000000001000000110110000110000000000000
000001011110000000001000000110110000110000000000000
000011000010000000010000001000001100000000000000000
000001001000001100010000000100001000000000000000000
000001101001000000000000000000000000100101000000001
000001101001000000000000000000000000100101000000001
000001001000000010000010000110000000000000000000000
000001001000001100000100000100000000000000000000000
000001001000001000001000000001010000010000000000000
000001110010000000001000000000000000000000000000000
000101000000000000000000000000000011100000000000000
000101000100000000000000000000000011000000000000000
010010011110000011000000000000000000100000000000000
010010011110000011000000000000000000100000000000000
000001001000001011000010010110000000000000000000000
000001001000001011000010010001100000010000000000000
000001001000000010000010000001000000010000000000000
000001000001000000010000000000001100100000000000000
000001000101000000010000000000001100000000000000000
000101100101000000000000000000000010100000000000000
000010001000001000000000101000000000000000000101110
000001001000001100100000000000000000100000000000000
000101110001001001000000010000000010100000000000000
000101110101000000000000000000000010000000000000000
000001001000000010100001000000000000100000000000000
000001001000001100100000000000000000000000000000000
100000000000010000000000000000000000000000000000000
000110000101000000000000000000000010100000000000000
000010010010001000000000101000000000000000000001010
000010000000100000100000000000000000100000000000000
000110010000000000000000000000000011100000000000000
000010100010001000000000101000000000000000000001010
000010010101000000000000000000000000101000000000000
000010000100000000000000000000000000000000000000000
000110100000000000000000000000000011100000000000000
000001001000001000000000101000000000000000000010010
000010110010000000000000000000000000000000100000000
000011010010001000000000101000000000000000000000110
000110110001000000000000000000000010100000000000000
000010100100001000000000101000000000000000000000110
000001001000000010100001000000000000100000000000000
000001101001000000000000000000000000100101010000001
000111000001000000000000000000000010100000000000000
000001101001000000000000000000000000100101000000001
000010101100000010100001000000000000100000000000000
000000000000000000000000000000000000000000000000000
000111010001000000000000000000000010100000000000000
000000000000000000000000000000000000000000000000000
000010110100000100100000000000000000100110001000000
000001110100000000000000000000000000000000000000000
000001100100000000000000000000000000000000000000000
000000000000000000000000000000000000000000000000000
000000000000000000000000000000000000000000000000000
000000000000000000000000000000000000000000000000000
000000000000000000000000000000000000000000000000000
000000000000000000000000000000000000000000000000000
000000000000000000000000000000000000000000000000000
000000000000000000000000000000000000000000000000000
